11111111111111111111
10000000000000000001
10000000000000010001
10000000000000000101
10000000000000000011
10000000000000000001
10000110000000000001
10001001000000000001
10000000000000001001
10000000000000000001
10000110000000000001
10000000000000000001
10000000000000000001
10000000000000000001
10000000000000000001
10000000000000011101
10000000000000000001
10000000000000000001
10111110000000000001
10000000000000000001
10000000000000000001
10000000000000000001
10000000000000000001
10000000000111100001
10000000000000000001
10000000000000000001
10001100000000000001
10000000000000000001
10000000000000000001
10000000000011110001
10000000000000000001
10000000000000000001
11111111111111111111